           1        11527
           2       3860.8
           3      6.77091
           4      11660.9
           5      23590.3
           6       11.506
           7      17.2383
           8      31.3706
           9      4.00804
          10       241.82
          11       142.28
          12      8.31739
          13       41.108
          14      63.5048
          15      15.6756
          16      2.03124
          17      11.1998
          18      44.3044
          19       106022
          20      11.1998
          21      329.973
          22      13.5744
          23      129.418
          24      18040.9
          25      21365.8
          26      13.6291
          27      20.4501
          28      6.07812
          29      98.8026
          30      23792.4
          31      10.1065
          32      5635.85
          33      12.2235
          34      116.243
          35      18.5218
          36      169.332
          37      4.65087
          38      16507.7
          39      8.80486
          40      6736.78
          41      57.1941
          42       17.732
          43      210.619
          44      50.5024
          45      61.0583
          46      10.7659
          47      464.244
          48      5.45558
          49       11.873
          50      21518.4
          51      103.493
          52      5.96829
          53      191.372
          54      303.158
          55      14.3565
          56      7.61238
          57      36.2601
          58      52.7662
          59      9895.22
          60      10.6337
          61      51.1157
          62      535.124
          63      40.7047
          64      19.5809
          65      30056.2
          66      46.7964
          67        18728
          68       48.547
          69       920.97
          70      5.92157
          71      32.4043
          72      65.8328
          73      467.555
          74      5859.49
          75      18688.3
          76      88.9156
          77      21.5746
          78       2983.3
          79      85.5629
          80      12592.5
          81      867.317
          82      395.006
          83      2.96437
          84      4681.04
          85      2.72839
          86      13.5875
          87      85.2847
          88       83.653
          89      580.917
          90      8.40067
          91      761.653
          92      59.2137
          93      76.5537
          94      53.9606
          95      5.97065
          96      13774.3
          97      5521.05
          98      542.394
          99      1.53752
         100      111.627
         101      2072.24
         102      1127.94
         103      42.8766
         104      42.7631
         105      15.1634
         106      6.91208
         107      682.056
         108     0.985835
         109      82.1825
         110      9.06581
         111      4923.03
         112      29.1378
         113      8.62515
         114      6131.82
         115      82.8385
         116      1757.53
         117      15.2422
         118      11063.7
         119      16.7053
         120      37.7986
         121      76.3154
         122      2791.83
         123      144.556
         124      1.93853
         125      45.8362
         126      14.0529
         127      40.1445
         128      860.482
         129      90.8622
         130      6226.08
         131         84.8
         132      72.2883
         133      226.591
         134      29.7095
         135      1207.55
         136      2.80485
         137      16.1065
         138      547.278
         139      44.6175
         140      274.538
         141      63.2142
         142       35.991
         143     0.270437
         144      9157.63
         145      135.193
         146      6864.29
         147      12457.8
         148      15.2929
         149      9149.12
         150      578.762
         151       5.1109
         152      1372.57
         153      26.6204
         154      8050.22
         155       2933.7
         156      234.338
         157       16.884
         158      24.8407
         159      31.8137
         160      1698.49
         161      287.687
         162      42.5891
         163      251.385
         164      12.5531
         165      53.1869
         166      2905.78
         167      128.242
         168     0.744344
         169        34.91
         170      5516.86
         171      1034.52
         172      7082.45
         173      12227.6
         174      2811.81
         175      8197.96
         176      8780.49
         177      1065.77
         178      1270.04
         179      16.5191
         180      67.8606
         181      27.0571
         182      13.5005
         183       28.115
         184     0.785226
         185       20.308
         186      4272.47
         187      21471.9
         188      10.8199
         189      63.2246
         190      1.09774
         191      14.0501
         192      327.694
         193      48.8403
         194      9.23701
         195      392.569
         196      5065.15
         197      215.491
         198      56.7088
         199      142.058
         200       479.34
         201      11.8254
         202      59.2164
         203      2.28081
         204      4238.94
         205      4830.96
         206       177.72
         207      2075.35
         208      1.06641
         209       31.818
         210      24.8699
         211      2.66507
         212      121.467
         213      105.915
         214      67.6685
         215      273.256
         216      14.3501
         217      4804.63
         218      15.7546
         219      628.638
         220      1253.35
         221      9.31248
         222      2649.17
         223       1074.5
         224      380.294
         225    0.0931417
         226      322.531
         227      485.414
         228       8.9321
         229      147.466
         230      3184.38
         231       650.22
         232      177.046
         233      395.611
         234      876.923
         235       438.24
         236      518.945
         237      21506.7
         238       49.648
         239      384.258
         240      2.18466
         241      4297.26
         242      124.995
         243      84.9043
         244      119.622
         245      5.34834
         246      14.5647
         247      46.7568
         248      564.971
         249      417.725
         250      173.208
         251       348.67
         252      2.34343
         253      9526.62
         254      24.8448
         255      4956.78
         256      929.817
         257      1870.64
         258      439.514
         259      155.885
         260      977.221
         261       2828.7
         262      2643.58
         263      1390.68
         264      2974.71
         265       2779.4
         266      252.018
         267      2.79049
         268      2147.18
         269      2.07356
         270      652.755
         271      72.9794
         272      64.0179
         273      13.6174
         274      129.906
         275     0.288846
         276      173.369
         277      42.6681
         278      1717.49
         279      6340.06
         280      8.33824
         281      1118.04
         282      1376.36
         283      50.0775
         284      52.4703
         285      460.891
         286       25.249
         287      262.984
         288      3.19961
         289      4.30609
         290      199.032
         291      112.678
         292      1504.51
         293      297.948
         294      168.637
         295      244.395
         296      13.4446
         297      21.1516
         298       1068.9
         299       136.17
         300        27.22
         301      136.356
         302      18.9032
         303      230.212
         304      58.0895
         305      1455.83
         306      205.955
         307      4372.96
         308    0.0664356
         309      3.66778
         310      231.801
         311      167.558
         312      53.5777
         313      170.255
         314      28.3853
         315      1.72386
         316        146.2
         317      441.268
         318      3.34153
         319      1970.57
         320      17.6361
         321      160.594
         322      64.1369
         323      135.709
         324      904.765
         325      346.112
         326      3567.21
         327      491.067
         328      51.5066
         329      205.826
         330      273.133
         331      0.58321
         332       182.66
         333      84.5143
         334      275.613
         335       132.25
         336      58.7543
         337      2902.15
         338      18.0886
         339      268.014
         340      101.331
         341       55.716
         342      19.0813
         343      488.252
         344      68.9864
         345      206.959
         346      2716.88
         347      326.652
         348       40.586
         349      5.58303
         350      263.613
         351      334.844
         352      117.205
         353      37.7465
         354      29.9706
         355      5.40949
         356      13.3142
         357      2600.35
         358      168.301
         359     0.987923
         360      153.667
         361      53.2149
         362      8.90619
         363      5754.06
         364      25.8276
         365      1412.81
         366      544.909
         367      686.918
         368      179.313
         369      28.0978
         370      139.802
         371      74.1354
         372       162.37
         373      1022.34
         374      946.925
         375      22.7249
         376       161.19
         377      2.02374
         378      471.901
         379      23.9451
         380      329.461
         381      22.1721
         382      97.9598
         383      9.31938
         384      32.7019
         385      43.0535
         386        36.81
         387      14.1444
         388      16.6949
         389      37.7702
         390       22.628
         391       2865.9
         392      971.088
         393      72.3058
         394      91.4966
         395      4.55053
         396      236.123
         397      83.1622
         398      26.1202
         399     0.907662
         400      1638.35
         401      90.0237
         402      248.933
         403      787.782
         404      380.737
         405      163.671
         406      3.91685
         407      28.4922
         408      164.378
         409      1574.49
         410       5.7214
         411      101.847
         412        336.1
         413      336.125
         414      45.6405
         415      101.625
         416      57.3443
         417      15.7869
         418      23.8259
         419      613.844
         420      64.2823
         421      1921.25
         422      907.352
         423       471.78
         424       29.566
         425      168.256
         426      711.959
         427      22.4174
         428      128.635
         429      7.77256
         430      127.837
         431      93.7352
         432      278.705
         433      569.133
         434      2.30402
         435      34.6987
         436       31.614
         437       76.398
         438      145.709
         439      64.9529
